New York soybean yields, Table 3.2 in HGG text, page 56.                    SOYB
Yield  kg/ha            0    7 GEN    10 ENV     4 REP   GRE TRT   RCB  0.0    N
  2729  2662  2638  2680  2598  2908  2732
  2747  2238  2425  2072  3036  3430  2951
  2593  2454  2191  2994  3097  3265  2432
  2832  2528  2079  3218  2641  2823  2866
   983   824  1286  1299  2196  2159  1529
  1445   491  1258  1484  2239  2041  1767
  1013   381  1390  1646  1932  1463  2079
  1004   616  1178  1568  1486   981  1472
  1525  1484  2597  2404  2798  2170  2903
  2348  1426  2686  3028  2500  3125  2944
  1968  1091  2198  2742  2520  2825  2428
  2309  1545  1920  3028  2650  3750  2757
  1783  1902  1717  1707  1419  1814  1378
  1957  1534  1405  1955  1404  1967  1656
  1609  1416  1591  1825  1414  1615  1508
  1593  1574  1637  1870  1262  1797  1593
  3194  2619  2742  3561  2760  3039  2285
  3085  2839  2560  3208  2911  3250  3119
  3489  3263  2742  3213  3569  3275  3305
  3263  3121  3207  3709  3589  3207  2992
  2989  2652  3317  3764  2900  3639  3715
  3640  2366  2334  2862  3298  3647  3641
  3105  2835  2815  3276  3188  3613  3353
  2922  2570  2794  3727  3367  3677  3650
  2574  1989  2602  2892  2219  2840  2726
  2312  2394  2322  2368  2674  2467  2363
  2495  2138  2443  2941  2786  3067  2580
  2793  2617  2752  3122  2655  2438  2484
  2961  3348  2206  2484  1267  2177  1504
  3354  2909  2313  2467  1220  1324  1630
  3470  3169  2357  2302  1257  1998  1577
  3307  3139  2429  3041  1207  1363  1932
  4370  3852  3185  2824  2022  2770  3192
  3726  3605  3300  3361  2920  3503  2783
  3818  3532  3042  3362  2353  2666  3005
  3780  3461  2861  3111  2633  2350  2626
  5437  4687  3085  4275  4615  4777  4447
  5165  4650  4372  4632  4756  4941  3509
  4273  4749  3492  5522  4243  3790  2750
  4750  4347  3090  4578  4392  3328  4053
EVAN WILK CHIP HODG S200 CORS WELL
A77  V79  R81  I85  G85  A86  N87  C87  C88  G88 

